# 0 model OpenCL nth 1 exe ../jacobi_c_OpenCL_opt.exe
	1	32	32	32	32	32	32	160	1.664e-05	3.428e-05	4.668e-05	1.000e+30	0.000e+00	-1.000e+00
	1	33	33	33	33	33	33	155	2.080e-05	3.722e-05	4.586e-05	1.000e+30	0.000e+00	-1.000e+00
	1	34	34	34	34	34	34	150	1.753e-05	2.368e-05	4.587e-05	1.000e+30	0.000e+00	-1.000e+00
	1	35	35	35	35	35	35	146	1.788e-05	3.527e-05	4.613e-05	1.000e+30	0.000e+00	-1.000e+00
	1	36	36	36	36	36	36	142	4.562e-05	4.586e-05	4.601e-05	1.000e+30	0.000e+00	-1.000e+00
	1	37	37	37	37	37	37	138	1.749e-05	2.439e-05	4.606e-05	1.000e+30	0.000e+00	-1.000e+00
	1	38	38	38	38	38	38	134	1.772e-05	2.361e-05	4.607e-05	1.000e+30	0.000e+00	-1.000e+00
	1	39	39	39	39	39	39	131	4.492e-05	4.553e-05	4.592e-05	1.000e+30	0.000e+00	-1.000e+00
	1	40	40	40	40	40	40	128	4.581e-05	4.617e-05	4.698e-05	1.000e+30	0.000e+00	-1.000e+00
	1	41	41	41	41	41	41	124	1.960e-05	2.568e-05	4.586e-05	1.000e+30	0.000e+00	-1.000e+00
	1	42	42	42	42	42	42	121	1.974e-05	2.547e-05	4.495e-05	1.000e+30	0.000e+00	-1.000e+00
	1	43	43	43	43	43	43	119	2.026e-05	3.066e-05	4.599e-05	1.000e+30	0.000e+00	-1.000e+00
	1	44	44	44	44	44	44	116	2.072e-05	3.619e-05	4.672e-05	1.000e+30	0.000e+00	-1.000e+00
	1	45	45	45	45	45	45	113	4.504e-05	4.578e-05	4.613e-05	1.000e+30	0.000e+00	-1.000e+00
	1	46	46	46	46	46	46	111	2.178e-05	3.129e-05	4.565e-05	1.000e+30	0.000e+00	-1.000e+00
	1	47	47	47	47	47	47	108	2.318e-05	2.670e-05	3.996e-05	1.000e+30	0.000e+00	-1.000e+00
	1	48	48	48	48	48	48	106	4.563e-05	4.595e-05	4.628e-05	1.000e+30	0.000e+00	-1.000e+00
	1	49	49	49	49	49	49	104	2.428e-05	2.898e-05	4.634e-05	1.000e+30	0.000e+00	-1.000e+00
	1	50	50	50	50	50	50	102	2.504e-05	2.936e-05	4.616e-05	1.000e+30	0.000e+00	-1.000e+00
	1	51	51	51	51	51	51	100	2.621e-05	3.412e-05	4.640e-05	1.000e+30	0.000e+00	-1.000e+00
	1	52	52	52	52	52	52	98	2.672e-05	2.706e-05	2.726e-05	1.000e+30	0.000e+00	-1.000e+00
	1	53	53	53	53	53	53	96	4.495e-05	4.573e-05	4.635e-05	1.000e+30	0.000e+00	-1.000e+00
	1	54	54	54	54	54	54	94	2.930e-05	4.257e-05	4.613e-05	1.000e+30	0.000e+00	-1.000e+00
	1	55	55	55	55	55	55	93	2.907e-05	3.567e-05	4.531e-05	1.000e+30	0.000e+00	-1.000e+00
	1	56	56	56	56	56	56	91	2.898e-05	3.588e-05	4.578e-05	1.000e+30	0.000e+00	-1.000e+00
	1	57	57	57	57	57	57	89	4.543e-05	4.561e-05	4.600e-05	1.000e+30	0.000e+00	-1.000e+00
	1	58	58	58	58	58	58	88	3.750e-05	3.942e-05	4.633e-05	1.000e+30	0.000e+00	-1.000e+00
	1	59	59	59	59	59	59	86	3.392e-05	3.677e-05	4.649e-05	1.000e+30	0.000e+00	-1.000e+00
	1	60	60	60	60	60	60	85	3.514e-05	4.385e-05	4.614e-05	1.000e+30	0.000e+00	-1.000e+00
	1	61	61	61	61	61	61	83	3.681e-05	4.437e-05	4.671e-05	1.000e+30	0.000e+00	-1.000e+00
	1	62	62	62	62	62	62	82	3.793e-05	3.849e-05	3.932e-05	1.000e+30	0.000e+00	-1.000e+00
	1	63	63	63	63	63	63	81	3.950e-05	4.084e-05	4.564e-05	1.000e+30	0.000e+00	-1.000e+00
	1	64	64	64	64	64	64	80	4.620e-05	4.654e-05	4.670e-05	1.000e+30	0.000e+00	-1.000e+00
	1	65	65	65	65	65	65	78	4.602e-05	4.696e-05	4.750e-05	1.000e+30	0.000e+00	-1.000e+00
	1	66	66	66	66	66	66	77	4.427e-05	4.527e-05	4.703e-05	1.000e+30	0.000e+00	-1.000e+00
	1	67	67	67	67	67	67	76	4.558e-05	4.649e-05	4.782e-05	1.000e+30	0.000e+00	-1.000e+00
	1	68	68	68	68	68	68	75	4.605e-05	4.709e-05	4.748e-05	1.000e+30	0.000e+00	-1.000e+00
	1	69	69	69	69	69	69	74	4.866e-05	4.898e-05	4.928e-05	1.000e+30	0.000e+00	-1.000e+00
	1	70	70	70	70	70	70	73	4.893e-05	4.933e-05	4.964e-05	1.000e+30	0.000e+00	-1.000e+00
	1	71	71	71	71	71	71	72	5.115e-05	5.167e-05	5.228e-05	1.000e+30	0.000e+00	-1.000e+00
	1	72	72	72	72	72	72	71	5.111e-05	5.133e-05	5.156e-05	1.000e+30	0.000e+00	-1.000e+00
	1	73	73	73	73	73	73	70	5.464e-05	5.483e-05	5.513e-05	1.000e+30	0.000e+00	-1.000e+00
	1	74	74	74	74	74	74	69	5.440e-05	5.469e-05	5.491e-05	1.000e+30	0.000e+00	-1.000e+00
	1	75	75	75	75	75	75	68	5.694e-05	5.744e-05	5.780e-05	1.000e+30	0.000e+00	-1.000e+00
	1	76	76	76	76	76	76	67	5.684e-05	5.719e-05	5.758e-05	1.000e+30	0.000e+00	-1.000e+00
	1	77	77	77	77	77	77	66	5.963e-05	5.996e-05	6.017e-05	1.000e+30	0.000e+00	-1.000e+00
	1	78	78	78	78	78	78	65	6.031e-05	6.064e-05	6.093e-05	1.000e+30	0.000e+00	-1.000e+00
	1	79	79	79	79	79	79	64	6.307e-05	6.342e-05	6.402e-05	1.000e+30	0.000e+00	-1.000e+00
	1	80	80	80	80	80	80	64	6.177e-05	6.184e-05	6.196e-05	1.000e+30	0.000e+00	-1.000e+00
	1	81	81	81	81	81	81	63	6.510e-05	6.547e-05	6.584e-05	1.000e+30	0.000e+00	-1.000e+00
	1	82	82	82	82	82	82	62	6.760e-05	6.809e-05	6.855e-05	1.000e+30	0.000e+00	-1.000e+00
	1	83	83	83	83	83	83	61	6.744e-05	6.847e-05	6.931e-05	1.000e+30	0.000e+00	-1.000e+00
	1	84	84	84	84	84	84	60	7.065e-05	7.090e-05	7.120e-05	1.000e+30	0.000e+00	-1.000e+00
	1	85	85	85	85	85	85	60	7.270e-05	7.321e-05	7.381e-05	1.000e+30	0.000e+00	-1.000e+00
	1	86	86	86	86	86	86	59	7.275e-05	7.331e-05	7.397e-05	1.000e+30	0.000e+00	-1.000e+00
	1	87	87	87	87	87	87	58	7.621e-05	7.654e-05	7.721e-05	1.000e+30	0.000e+00	-1.000e+00
	1	88	88	88	88	88	88	58	7.619e-05	7.643e-05	7.676e-05	1.000e+30	0.000e+00	-1.000e+00
	1	89	89	89	89	89	89	57	7.811e-05	7.862e-05	7.915e-05	1.000e+30	0.000e+00	-1.000e+00
	1	90	90	90	90	90	90	56	8.109e-05	8.135e-05	8.164e-05	1.000e+30	0.000e+00	-1.000e+00
	1	91	91	91	91	91	91	56	8.316e-05	8.347e-05	8.389e-05	1.000e+30	0.000e+00	-1.000e+00
	1	92	92	92	92	92	92	55	8.266e-05	8.302e-05	8.329e-05	1.000e+30	0.000e+00	-1.000e+00
	1	93	93	93	93	93	93	55	8.587e-05	8.624e-05	8.671e-05	1.000e+30	0.000e+00	-1.000e+00
	1	94	94	94	94	94	94	54	8.893e-05	8.939e-05	8.999e-05	1.000e+30	0.000e+00	-1.000e+00
	1	95	95	95	95	95	95	53	8.940e-05	8.996e-05	9.062e-05	1.000e+30	0.000e+00	-1.000e+00
	1	96	96	96	96	96	96	53	8.549e-05	8.573e-05	8.597e-05	1.000e+30	0.000e+00	-1.000e+00
	1	97	97	97	97	97	97	52	9.508e-05	9.566e-05	9.646e-05	1.000e+30	0.000e+00	-1.000e+00
	1	98	98	98	98	98	98	52	1.029e-04	1.032e-04	1.040e-04	1.000e+30	0.000e+00	-1.000e+00
	1	99	99	99	99	99	99	51	1.032e-04	1.036e-04	1.048e-04	1.000e+30	0.000e+00	-1.000e+00
	1	100	100	100	100	100	100	51	1.039e-04	1.046e-04	1.053e-04	1.000e+30	0.000e+00	-1.000e+00
	1	101	101	101	101	101	101	50	1.106e-04	1.111e-04	1.114e-04	1.000e+30	0.000e+00	-1.000e+00
	1	102	102	102	102	102	102	50	1.123e-04	1.126e-04	1.135e-04	1.000e+30	0.000e+00	-1.000e+00
	1	103	103	103	103	103	103	49	1.125e-04	1.127e-04	1.128e-04	1.000e+30	0.000e+00	-1.000e+00
	1	104	104	104	104	104	104	49	1.094e-04	1.098e-04	1.109e-04	1.000e+30	0.000e+00	-1.000e+00
	1	105	105	105	105	105	105	48	1.200e-04	1.201e-04	1.202e-04	1.000e+30	0.000e+00	-1.000e+00
	1	106	106	106	106	106	106	48	1.222e-04	1.228e-04	1.235e-04	1.000e+30	0.000e+00	-1.000e+00
	1	107	107	107	107	107	107	47	1.230e-04	1.232e-04	1.234e-04	1.000e+30	0.000e+00	-1.000e+00
	1	108	108	108	108	108	108	47	1.236e-04	1.238e-04	1.240e-04	1.000e+30	0.000e+00	-1.000e+00
