# 0 model OpenCL nth 1 exe ../jacobi_c_OpenCL_opt.exe
	1	32	32	32	32	32	32	156	1.671e-05	3.416e-05	4.635e-05	1.000e+30	0.000e+00	-1.000e+00
	1	33	33	33	33	33	33	151	3.691e-05	4.061e-05	4.622e-05	1.000e+30	0.000e+00	-1.000e+00
	1	34	34	34	34	34	34	147	1.816e-05	2.887e-05	4.529e-05	1.000e+30	0.000e+00	-1.000e+00
	1	35	35	35	35	35	35	142	1.935e-05	3.527e-05	4.620e-05	1.000e+30	0.000e+00	-1.000e+00
	1	36	36	36	36	36	36	138	1.749e-05	2.878e-05	4.578e-05	1.000e+30	0.000e+00	-1.000e+00
	1	37	37	37	37	37	37	135	2.095e-05	3.753e-05	4.619e-05	1.000e+30	0.000e+00	-1.000e+00
	1	38	38	38	38	38	38	131	1.771e-05	3.987e-05	4.550e-05	1.000e+30	0.000e+00	-1.000e+00
	1	39	39	39	39	39	39	128	4.259e-05	4.515e-05	4.638e-05	1.000e+30	0.000e+00	-1.000e+00
	1	40	40	40	40	40	40	125	1.777e-05	2.752e-05	4.570e-05	1.000e+30	0.000e+00	-1.000e+00
	1	41	41	41	41	41	41	121	1.859e-05	1.936e-05	2.119e-05	1.000e+30	0.000e+00	-1.000e+00
	1	42	42	42	42	42	42	119	1.945e-05	1.988e-05	2.014e-05	1.000e+30	0.000e+00	-1.000e+00
	1	43	43	43	43	43	43	116	2.001e-05	2.046e-05	2.079e-05	1.000e+30	0.000e+00	-1.000e+00
	1	44	44	44	44	44	44	113	2.116e-05	4.095e-05	4.612e-05	1.000e+30	0.000e+00	-1.000e+00
	1	45	45	45	45	45	45	111	2.134e-05	2.633e-05	4.542e-05	1.000e+30	0.000e+00	-1.000e+00
	1	46	46	46	46	46	46	108	2.235e-05	4.100e-05	4.607e-05	1.000e+30	0.000e+00	-1.000e+00
	1	47	47	47	47	47	47	106	2.331e-05	2.798e-05	4.573e-05	1.000e+30	0.000e+00	-1.000e+00
	1	48	48	48	48	48	48	104	2.267e-05	2.642e-05	4.030e-05	1.000e+30	0.000e+00	-1.000e+00
	1	49	49	49	49	49	49	102	2.448e-05	3.321e-05	4.610e-05	1.000e+30	0.000e+00	-1.000e+00
	1	50	50	50	50	50	50	100	2.505e-05	2.953e-05	4.635e-05	1.000e+30	0.000e+00	-1.000e+00
	1	51	51	51	51	51	51	98	2.570e-05	2.601e-05	2.647e-05	1.000e+30	0.000e+00	-1.000e+00
	1	52	52	52	52	52	52	96	4.590e-05	4.626e-05	4.695e-05	1.000e+30	0.000e+00	-1.000e+00
	1	53	53	53	53	53	53	94	4.006e-05	4.256e-05	4.597e-05	1.000e+30	0.000e+00	-1.000e+00
	1	54	54	54	54	54	54	92	2.799e-05	4.001e-05	4.810e-05	1.000e+30	0.000e+00	-1.000e+00
	1	55	55	55	55	55	55	90	2.903e-05	2.959e-05	2.982e-05	1.000e+30	0.000e+00	-1.000e+00
	1	56	56	56	56	56	56	89	2.917e-05	3.271e-05	4.572e-05	1.000e+30	0.000e+00	-1.000e+00
	1	57	57	57	57	57	57	87	3.100e-05	3.956e-05	4.601e-05	1.000e+30	0.000e+00	-1.000e+00
	1	58	58	58	58	58	58	86	3.186e-05	3.528e-05	4.822e-05	1.000e+30	0.000e+00	-1.000e+00
	1	59	59	59	59	59	59	84	3.364e-05	3.664e-05	4.646e-05	1.000e+30	0.000e+00	-1.000e+00
	1	60	60	60	60	60	60	83	4.552e-05	4.581e-05	4.614e-05	1.000e+30	0.000e+00	-1.000e+00
	1	61	61	61	61	61	61	81	3.633e-05	3.855e-05	4.637e-05	1.000e+30	0.000e+00	-1.000e+00
	1	62	62	62	62	62	62	80	4.590e-05	4.601e-05	4.620e-05	1.000e+30	0.000e+00	-1.000e+00
	1	63	63	63	63	63	63	79	3.970e-05	4.481e-05	4.640e-05	1.000e+30	0.000e+00	-1.000e+00
	1	64	64	64	64	64	64	78	3.817e-05	4.155e-05	4.656e-05	1.000e+30	0.000e+00	-1.000e+00
	1	65	65	65	65	65	65	76	4.234e-05	4.530e-05	4.787e-05	1.000e+30	0.000e+00	-1.000e+00
	1	66	66	66	66	66	66	75	4.402e-05	4.493e-05	4.710e-05	1.000e+30	0.000e+00	-1.000e+00
	1	67	67	67	67	67	67	74	4.573e-05	4.654e-05	4.776e-05	1.000e+30	0.000e+00	-1.000e+00
	1	68	68	68	68	68	68	73	4.589e-05	4.670e-05	4.744e-05	1.000e+30	0.000e+00	-1.000e+00
	1	69	69	69	69	69	69	72	4.837e-05	4.904e-05	4.974e-05	1.000e+30	0.000e+00	-1.000e+00
	1	70	70	70	70	70	70	71	4.887e-05	4.997e-05	5.211e-05	1.000e+30	0.000e+00	-1.000e+00
	1	71	71	71	71	71	71	70	5.140e-05	5.172e-05	5.214e-05	1.000e+30	0.000e+00	-1.000e+00
	1	72	72	72	72	72	72	69	5.053e-05	5.110e-05	5.171e-05	1.000e+30	0.000e+00	-1.000e+00
	1	73	73	73	73	73	73	68	5.374e-05	5.434e-05	5.512e-05	1.000e+30	0.000e+00	-1.000e+00
	1	74	74	74	74	74	74	67	5.421e-05	5.471e-05	5.487e-05	1.000e+30	0.000e+00	-1.000e+00
	1	75	75	75	75	75	75	66	5.659e-05	5.709e-05	5.777e-05	1.000e+30	0.000e+00	-1.000e+00
	1	76	76	76	76	76	76	65	5.680e-05	5.724e-05	5.763e-05	1.000e+30	0.000e+00	-1.000e+00
	1	77	77	77	77	77	77	64	5.936e-05	5.984e-05	6.025e-05	1.000e+30	0.000e+00	-1.000e+00
	1	78	78	78	78	78	78	64	6.092e-05	6.146e-05	6.225e-05	1.000e+30	0.000e+00	-1.000e+00
	1	79	79	79	79	79	79	63	6.184e-05	6.225e-05	6.290e-05	1.000e+30	0.000e+00	-1.000e+00
	1	80	80	80	80	80	80	62	6.126e-05	6.189e-05	6.276e-05	1.000e+30	0.000e+00	-1.000e+00
	1	81	81	81	81	81	81	61	6.441e-05	6.535e-05	6.583e-05	1.000e+30	0.000e+00	-1.000e+00
	1	82	82	82	82	82	82	60	6.773e-05	6.822e-05	6.850e-05	1.000e+30	0.000e+00	-1.000e+00
	1	83	83	83	83	83	83	60	6.908e-05	6.960e-05	7.018e-05	1.000e+30	0.000e+00	-1.000e+00
	1	84	84	84	84	84	84	59	6.886e-05	6.933e-05	7.022e-05	1.000e+30	0.000e+00	-1.000e+00
	1	85	85	85	85	85	85	58	7.210e-05	7.287e-05	7.379e-05	1.000e+30	0.000e+00	-1.000e+00
	1	86	86	86	86	86	86	58	7.376e-05	7.417e-05	7.455e-05	1.000e+30	0.000e+00	-1.000e+00
	1	87	87	87	87	87	87	57	7.449e-05	7.465e-05	7.475e-05	1.000e+30	0.000e+00	-1.000e+00
	1	88	88	88	88	88	88	56	7.516e-05	7.577e-05	7.684e-05	1.000e+30	0.000e+00	-1.000e+00
	1	89	89	89	89	89	89	56	7.948e-05	7.997e-05	8.055e-05	1.000e+30	0.000e+00	-1.000e+00
	1	90	90	90	90	90	90	55	7.953e-05	8.023e-05	8.100e-05	1.000e+30	0.000e+00	-1.000e+00
	1	91	91	91	91	91	91	54	8.304e-05	8.365e-05	8.415e-05	1.000e+30	0.000e+00	-1.000e+00
	1	92	92	92	92	92	92	54	8.331e-05	8.452e-05	8.530e-05	1.000e+30	0.000e+00	-1.000e+00
	1	93	93	93	93	93	93	53	8.502e-05	8.574e-05	8.670e-05	1.000e+30	0.000e+00	-1.000e+00
	1	94	94	94	94	94	94	53	8.777e-05	8.842e-05	9.011e-05	1.000e+30	0.000e+00	-1.000e+00
	1	95	95	95	95	95	95	52	9.075e-05	9.129e-05	9.215e-05	1.000e+30	0.000e+00	-1.000e+00
	1	96	96	96	96	96	96	52	8.635e-05	8.697e-05	8.788e-05	1.000e+30	0.000e+00	-1.000e+00
	1	97	97	97	97	97	97	51	9.345e-05	9.374e-05	9.424e-05	1.000e+30	0.000e+00	-1.000e+00
	1	98	98	98	98	98	98	51	1.005e-04	1.011e-04	1.016e-04	1.000e+30	0.000e+00	-1.000e+00
	1	99	99	99	99	99	99	50	1.049e-04	1.054e-04	1.062e-04	1.000e+30	0.000e+00	-1.000e+00
	1	100	100	100	100	100	100	50	1.056e-04	1.059e-04	1.068e-04	1.000e+30	0.000e+00	-1.000e+00
	1	101	101	101	101	101	101	49	1.077e-04	1.081e-04	1.087e-04	1.000e+30	0.000e+00	-1.000e+00
	1	102	102	102	102	102	102	49	1.094e-04	1.099e-04	1.103e-04	1.000e+30	0.000e+00	-1.000e+00
	1	103	103	103	103	103	103	48	1.152e-04	1.155e-04	1.158e-04	1.000e+30	0.000e+00	-1.000e+00
	1	104	104	104	104	104	104	48	1.117e-04	1.121e-04	1.131e-04	1.000e+30	0.000e+00	-1.000e+00
	1	105	105	105	105	105	105	47	1.172e-04	1.175e-04	1.179e-04	1.000e+30	0.000e+00	-1.000e+00
	1	106	106	106	106	106	106	47	1.193e-04	1.199e-04	1.207e-04	1.000e+30	0.000e+00	-1.000e+00
	1	107	107	107	107	107	107	46	1.247e-04	1.257e-04	1.268e-04	1.000e+30	0.000e+00	-1.000e+00
	1	108	108	108	108	108	108	46	1.252e-04	1.263e-04	1.275e-04	1.000e+30	0.000e+00	-1.000e+00
	1	109	109	109	109	109	109	45	1.276e-04	1.280e-04	1.286e-04	1.000e+30	0.000e+00	-1.000e+00
	1	110	110	110	110	110	110	45	1.298e-04	1.300e-04	1.303e-04	1.000e+30	0.000e+00	-1.000e+00
	1	111	111	111	111	111	111	45	1.330e-04	1.336e-04	1.343e-04	1.000e+30	0.000e+00	-1.000e+00
	1	112	112	112	112	112	112	44	1.265e-04	1.266e-04	1.267e-04	1.000e+30	0.000e+00	-1.000e+00
	1	113	113	113	113	113	113	44	1.417e-04	1.421e-04	1.427e-04	1.000e+30	0.000e+00	-1.000e+00
	1	114	114	114	114	114	114	43	1.410e-04	1.414e-04	1.427e-04	1.000e+30	0.000e+00	-1.000e+00
	1	115	115	115	115	115	115	43	1.442e-04	1.444e-04	1.449e-04	1.000e+30	0.000e+00	-1.000e+00
	1	116	116	116	116	116	116	43	1.441e-04	1.444e-04	1.447e-04	1.000e+30	0.000e+00	-1.000e+00
	1	117	117	117	117	117	117	42	1.535e-04	1.537e-04	1.540e-04	1.000e+30	0.000e+00	-1.000e+00
	1	118	118	118	118	118	118	42	1.564e-04	1.568e-04	1.578e-04	1.000e+30	0.000e+00	-1.000e+00
	1	119	119	119	119	119	119	42	1.602e-04	1.606e-04	1.614e-04	1.000e+30	0.000e+00	-1.000e+00
	1	120	120	120	120	120	120	41	1.501e-04	1.511e-04	1.521e-04	1.000e+30	0.000e+00	-1.000e+00
	1	121	121	121	121	121	121	41	1.626e-04	1.627e-04	1.628e-04	1.000e+30	0.000e+00	-1.000e+00
	1	122	122	122	122	122	122	40	1.692e-04	1.696e-04	1.699e-04	1.000e+30	0.000e+00	-1.000e+00
	1	123	123	123	123	123	123	40	1.731e-04	1.733e-04	1.736e-04	1.000e+30	0.000e+00	-1.000e+00
	1	124	124	124	124	124	124	40	1.728e-04	1.730e-04	1.732e-04	1.000e+30	0.000e+00	-1.000e+00
	1	125	125	125	125	125	125	40	1.800e-04	1.801e-04	1.802e-04	1.000e+30	0.000e+00	-1.000e+00
	1	126	126	126	126	126	126	39	1.783e-04	1.786e-04	1.790e-04	1.000e+30	0.000e+00	-1.000e+00
	1	127	127	127	127	127	127	39	1.826e-04	1.836e-04	1.844e-04	1.000e+30	0.000e+00	-1.000e+00
	1	128	128	128	128	128	128	39	1.608e-04	1.613e-04	1.628e-04	1.000e+30	0.000e+00	-1.000e+00
	1	129	129	129	129	129	129	38	1.973e-04	1.975e-04	1.978e-04	1.000e+30	0.000e+00	-1.000e+00
	1	130	130	130	130	130	130	38	2.249e-04	2.254e-04	2.272e-04	1.000e+30	0.000e+00	-1.000e+00
	1	131	131	131	131	131	131	38	2.295e-04	2.303e-04	2.314e-04	1.000e+30	0.000e+00	-1.000e+00
	1	132	132	132	132	132	132	37	2.235e-04	2.238e-04	2.243e-04	1.000e+30	0.000e+00	-1.000e+00
	1	133	133	133	133	133	133	37	2.312e-04	2.318e-04	2.337e-04	1.000e+30	0.000e+00	-1.000e+00
	1	134	134	134	134	134	134	37	2.349e-04	2.352e-04	2.355e-04	1.000e+30	0.000e+00	-1.000e+00
	1	135	135	135	135	135	135	37	2.406e-04	2.411e-04	2.417e-04	1.000e+30	0.000e+00	-1.000e+00
	1	136	136	136	136	136	136	36	2.393e-04	2.395e-04	2.401e-04	1.000e+30	0.000e+00	-1.000e+00
	1	137	137	137	137	137	137	36	2.551e-04	2.564e-04	2.592e-04	1.000e+30	0.000e+00	-1.000e+00
	1	138	138	138	138	138	138	36	2.588e-04	2.590e-04	2.593e-04	1.000e+30	0.000e+00	-1.000e+00
	1	139	139	139	139	139	139	35	2.563e-04	2.566e-04	2.571e-04	1.000e+30	0.000e+00	-1.000e+00
	1	140	140	140	140	140	140	35	2.563e-04	2.567e-04	2.571e-04	1.000e+30	0.000e+00	-1.000e+00
	1	141	141	141	141	141	141	35	2.651e-04	2.657e-04	2.669e-04	1.000e+30	0.000e+00	-1.000e+00
	1	142	142	142	142	142	142	35	2.689e-04	2.696e-04	2.710e-04	1.000e+30	0.000e+00	-1.000e+00
	1	143	143	143	143	143	143	34	2.821e-04	2.826e-04	2.831e-04	1.000e+30	0.000e+00	-1.000e+00
	1	144	144	144	144	144	144	34	2.648e-04	2.649e-04	2.651e-04	1.000e+30	0.000e+00	-1.000e+00
	1	145	145	145	145	145	145	34	2.909e-04	2.921e-04	2.936e-04	1.000e+30	0.000e+00	-1.000e+00
	1	146	146	146	146	146	146	34	2.955e-04	2.964e-04	2.982e-04	1.000e+30	0.000e+00	-1.000e+00
	1	147	147	147	147	147	147	34	3.009e-04	3.014e-04	3.019e-04	1.000e+30	0.000e+00	-1.000e+00
	1	148	148	148	148	148	148	33	2.914e-04	2.917e-04	2.924e-04	1.000e+30	0.000e+00	-1.000e+00
	1	149	149	149	149	149	149	33	3.014e-04	3.017e-04	3.020e-04	1.000e+30	0.000e+00	-1.000e+00
	1	150	150	150	150	150	150	33	3.059e-04	3.066e-04	3.087e-04	1.000e+30	0.000e+00	-1.000e+00
	1	151	151	151	151	151	151	33	3.112e-04	3.116e-04	3.122e-04	1.000e+30	0.000e+00	-1.000e+00
	1	152	152	152	152	152	152	32	3.102e-04	3.108e-04	3.119e-04	1.000e+30	0.000e+00	-1.000e+00
	1	153	153	153	153	153	153	32	3.312e-04	3.337e-04	3.391e-04	1.000e+30	0.000e+00	-1.000e+00
	1	154	154	154	154	154	154	32	3.358e-04	3.364e-04	3.377e-04	1.000e+30	0.000e+00	-1.000e+00
	1	155	155	155	155	155	155	32	3.417e-04	3.420e-04	3.426e-04	1.000e+30	0.000e+00	-1.000e+00
	1	156	156	156	156	156	156	32	3.408e-04	3.411e-04	3.416e-04	1.000e+30	0.000e+00	-1.000e+00
	1	157	157	157	157	157	157	31	3.417e-04	3.418e-04	3.421e-04	1.000e+30	0.000e+00	-1.000e+00
	1	158	158	158	158	158	158	31	3.459e-04	3.462e-04	3.467e-04	1.000e+30	0.000e+00	-1.000e+00
	1	159	159	159	159	159	159	31	3.536e-04	3.542e-04	3.553e-04	1.000e+30	0.000e+00	-1.000e+00
	1	160	160	160	160	160	160	31	3.168e-04	3.173e-04	3.184e-04	1.000e+30	0.000e+00	-1.000e+00
	1	161	161	161	161	161	161	31	4.123e-04	4.130e-04	4.153e-04	1.000e+30	0.000e+00	-1.000e+00
	1	162	162	162	162	162	162	30	4.365e-04	4.369e-04	4.374e-04	1.000e+30	0.000e+00	-1.000e+00
	1	163	163	163	163	163	163	30	4.427e-04	4.442e-04	4.463e-04	1.000e+30	0.000e+00	-1.000e+00
	1	164	164	164	164	164	164	30	4.417e-04	4.421e-04	4.425e-04	1.000e+30	0.000e+00	-1.000e+00
	1	165	165	165	165	165	165	30	4.552e-04	4.555e-04	4.562e-04	1.000e+30	0.000e+00	-1.000e+00
	1	166	166	166	166	166	166	30	4.598e-04	4.602e-04	4.610e-04	1.000e+30	0.000e+00	-1.000e+00
	1	167	167	167	167	167	167	29	4.512e-04	4.515e-04	4.521e-04	1.000e+30	0.000e+00	-1.000e+00
	1	168	168	168	168	168	168	29	4.362e-04	4.365e-04	4.371e-04	1.000e+30	0.000e+00	-1.000e+00
	1	169	169	169	169	169	169	29	4.627e-04	4.630e-04	4.636e-04	1.000e+30	0.000e+00	-1.000e+00
	1	170	170	170	170	170	170	29	4.677e-04	4.681e-04	4.687e-04	1.000e+30	0.000e+00	-1.000e+00
	1	171	171	171	171	171	171	29	4.751e-04	4.759e-04	4.766e-04	1.000e+30	0.000e+00	-1.000e+00
	1	172	172	172	172	172	172	29	4.728e-04	4.730e-04	4.735e-04	1.000e+30	0.000e+00	-1.000e+00
	1	173	173	173	173	173	173	28	5.043e-04	5.046e-04	5.052e-04	1.000e+30	0.000e+00	-1.000e+00
	1	174	174	174	174	174	174	28	5.093e-04	5.097e-04	5.100e-04	1.000e+30	0.000e+00	-1.000e+00
	1	175	175	175	175	175	175	28	5.175e-04	5.177e-04	5.182e-04	1.000e+30	0.000e+00	-1.000e+00
	1	176	176	176	176	176	176	28	4.818e-04	4.821e-04	4.827e-04	1.000e+30	0.000e+00	-1.000e+00
	1	177	177	177	177	177	177	28	5.301e-04	5.304e-04	5.309e-04	1.000e+30	0.000e+00	-1.000e+00
	1	178	178	178	178	178	178	28	5.351e-04	5.356e-04	5.364e-04	1.000e+30	0.000e+00	-1.000e+00
	1	179	179	179	179	179	179	27	5.231e-04	5.237e-04	5.243e-04	1.000e+30	0.000e+00	-1.000e+00
	1	180	180	180	180	180	180	27	5.206e-04	5.208e-04	5.211e-04	1.000e+30	0.000e+00	-1.000e+00
	1	181	181	181	181	181	181	27	5.365e-04	5.368e-04	5.373e-04	1.000e+30	0.000e+00	-1.000e+00
	1	182	182	182	182	182	182	27	5.415e-04	5.419e-04	5.424e-04	1.000e+30	0.000e+00	-1.000e+00
	1	183	183	183	183	183	183	27	5.497e-04	5.500e-04	5.507e-04	1.000e+30	0.000e+00	-1.000e+00
	1	184	184	184	184	184	184	27	5.302e-04	5.305e-04	5.309e-04	1.000e+30	0.000e+00	-1.000e+00
	1	185	185	185	185	185	185	27	5.635e-04	5.640e-04	5.647e-04	1.000e+30	0.000e+00	-1.000e+00
	1	186	186	186	186	186	186	26	5.913e-04	5.921e-04	5.927e-04	1.000e+30	0.000e+00	-1.000e+00
	1	187	187	187	187	187	187	26	5.993e-04	6.000e-04	6.007e-04	1.000e+30	0.000e+00	-1.000e+00
	1	188	188	188	188	188	188	26	5.958e-04	5.962e-04	5.970e-04	1.000e+30	0.000e+00	-1.000e+00
	1	189	189	189	189	189	189	26	6.140e-04	6.148e-04	6.161e-04	1.000e+30	0.000e+00	-1.000e+00
	1	190	190	190	190	190	190	26	6.207e-04	6.210e-04	6.215e-04	1.000e+30	0.000e+00	-1.000e+00
	1	191	191	191	191	191	191	26	6.308e-04	6.315e-04	6.323e-04	1.000e+30	0.000e+00	-1.000e+00
	1	192	192	192	192	192	192	26	5.680e-04	5.688e-04	5.692e-04	1.000e+30	0.000e+00	-1.000e+00
	1	193	193	193	193	193	193	25	6.324e-04	6.337e-04	6.344e-04	1.000e+30	0.000e+00	-1.000e+00
	1	194	194	194	194	194	194	25	6.795e-04	6.798e-04	6.804e-04	1.000e+30	0.000e+00	-1.000e+00
	1	195	195	195	195	195	195	25	6.896e-04	6.902e-04	6.908e-04	1.000e+30	0.000e+00	-1.000e+00
	1	196	196	196	196	196	196	25	6.854e-04	6.858e-04	6.860e-04	1.000e+30	0.000e+00	-1.000e+00
	1	197	197	197	197	197	197	25	7.067e-04	7.071e-04	7.080e-04	1.000e+30	0.000e+00	-1.000e+00
	1	198	198	198	198	198	198	25	7.112e-04	7.134e-04	7.150e-04	1.000e+30	0.000e+00	-1.000e+00
	1	199	199	199	199	199	199	25	7.232e-04	7.238e-04	7.242e-04	1.000e+30	0.000e+00	-1.000e+00
	1	200	200	200	200	200	200	25	6.968e-04	6.971e-04	6.980e-04	1.000e+30	0.000e+00	-1.000e+00
	1	201	201	201	201	201	201	24	7.718e-04	7.725e-04	7.739e-04	1.000e+30	0.000e+00	-1.000e+00
	1	202	202	202	202	202	202	24	7.780e-04	7.790e-04	7.802e-04	1.000e+30	0.000e+00	-1.000e+00
	1	203	203	203	203	203	203	24	7.900e-04	7.908e-04	7.918e-04	1.000e+30	0.000e+00	-1.000e+00
	1	204	204	204	204	204	204	24	7.850e-04	7.867e-04	7.875e-04	1.000e+30	0.000e+00	-1.000e+00
	1	205	205	205	205	205	205	24	8.094e-04	8.098e-04	8.105e-04	1.000e+30	0.000e+00	-1.000e+00
	1	206	206	206	206	206	206	24	8.163e-04	8.171e-04	8.179e-04	1.000e+30	0.000e+00	-1.000e+00
	1	207	207	207	207	207	207	24	8.295e-04	8.298e-04	8.305e-04	1.000e+30	0.000e+00	-1.000e+00
	1	208	208	208	208	208	208	24	7.677e-04	7.680e-04	7.683e-04	1.000e+30	0.000e+00	-1.000e+00
	1	209	209	209	209	209	209	23	8.120e-04	8.124e-04	8.132e-04	1.000e+30	0.000e+00	-1.000e+00
	1	210	210	210	210	210	210	23	8.185e-04	8.193e-04	8.206e-04	1.000e+30	0.000e+00	-1.000e+00
	1	211	211	211	211	211	211	23	8.304e-04	8.307e-04	8.308e-04	1.000e+30	0.000e+00	-1.000e+00
	1	212	212	212	212	212	212	23	8.218e-04	8.234e-04	8.243e-04	1.000e+30	0.000e+00	-1.000e+00
	1	213	213	213	213	213	213	23	8.491e-04	8.495e-04	8.506e-04	1.000e+30	0.000e+00	-1.000e+00
	1	214	214	214	214	214	214	23	8.543e-04	8.567e-04	8.585e-04	1.000e+30	0.000e+00	-1.000e+00
	1	215	215	215	215	215	215	23	8.684e-04	8.693e-04	8.703e-04	1.000e+30	0.000e+00	-1.000e+00
	1	216	216	216	216	216	216	23	8.308e-04	8.324e-04	8.333e-04	1.000e+30	0.000e+00	-1.000e+00
	1	217	217	217	217	217	217	23	8.874e-04	8.889e-04	8.900e-04	1.000e+30	0.000e+00	-1.000e+00
	1	218	218	218	218	218	218	22	9.368e-04	9.376e-04	9.381e-04	1.000e+30	0.000e+00	-1.000e+00
	1	219	219	219	219	219	219	22	9.509e-04	9.519e-04	9.525e-04	1.000e+30	0.000e+00	-1.000e+00
	1	220	220	220	220	220	220	22	9.408e-04	9.422e-04	9.439e-04	1.000e+30	0.000e+00	-1.000e+00
	1	221	221	221	221	221	221	22	9.709e-04	9.727e-04	9.742e-04	1.000e+30	0.000e+00	-1.000e+00
	1	222	222	222	222	222	222	22	9.787e-04	9.807e-04	9.820e-04	1.000e+30	0.000e+00	-1.000e+00
	1	223	223	223	223	223	223	22	9.954e-04	9.961e-04	9.971e-04	1.000e+30	0.000e+00	-1.000e+00
	1	224	224	224	224	224	224	22	8.828e-04	8.837e-04	8.851e-04	1.000e+30	0.000e+00	-1.000e+00
	1	225	225	225	225	225	225	22	1.051e-03	1.052e-03	1.053e-03	1.000e+30	0.000e+00	-1.000e+00
	1	226	226	226	226	226	226	22	1.101e-03	1.102e-03	1.103e-03	1.000e+30	0.000e+00	-1.000e+00
	1	227	227	227	227	227	227	22	1.117e-03	1.117e-03	1.118e-03	1.000e+30	0.000e+00	-1.000e+00
	1	228	228	228	228	228	228	21	1.055e-03	1.055e-03	1.056e-03	1.000e+30	0.000e+00	-1.000e+00
	1	229	229	229	229	229	229	21	1.087e-03	1.087e-03	1.088e-03	1.000e+30	0.000e+00	-1.000e+00
	1	230	230	230	230	230	230	21	1.094e-03	1.094e-03	1.095e-03	1.000e+30	0.000e+00	-1.000e+00
	1	231	231	231	231	231	231	21	1.108e-03	1.109e-03	1.110e-03	1.000e+30	0.000e+00	-1.000e+00
	1	232	232	232	232	232	232	21	1.062e-03	1.063e-03	1.064e-03	1.000e+30	0.000e+00	-1.000e+00
	1	233	233	233	233	233	233	21	1.132e-03	1.132e-03	1.133e-03	1.000e+30	0.000e+00	-1.000e+00
	1	234	234	234	234	234	234	21	1.140e-03	1.140e-03	1.141e-03	1.000e+30	0.000e+00	-1.000e+00
	1	235	235	235	235	235	235	21	1.156e-03	1.156e-03	1.157e-03	1.000e+30	0.000e+00	-1.000e+00
	1	236	236	236	236	236	236	21	1.144e-03	1.145e-03	1.146e-03	1.000e+30	0.000e+00	-1.000e+00
	1	237	237	237	237	237	237	21	1.179e-03	1.180e-03	1.181e-03	1.000e+30	0.000e+00	-1.000e+00
	1	238	238	238	238	238	238	21	1.188e-03	1.188e-03	1.189e-03	1.000e+30	0.000e+00	-1.000e+00
	1	239	239	239	239	239	239	20	1.265e-03	1.265e-03	1.266e-03	1.000e+30	0.000e+00	-1.000e+00
	1	240	240	240	240	240	240	20	1.164e-03	1.164e-03	1.165e-03	1.000e+30	0.000e+00	-1.000e+00
	1	241	241	241	241	241	241	20	1.289e-03	1.291e-03	1.294e-03	1.000e+30	0.000e+00	-1.000e+00
	1	242	242	242	242	242	242	20	1.297e-03	1.299e-03	1.302e-03	1.000e+30	0.000e+00	-1.000e+00
	1	243	243	243	243	243	243	20	1.317e-03	1.317e-03	1.318e-03	1.000e+30	0.000e+00	-1.000e+00
	1	244	244	244	244	244	244	20	1.303e-03	1.303e-03	1.304e-03	1.000e+30	0.000e+00	-1.000e+00
	1	245	245	245	245	245	245	20	1.343e-03	1.343e-03	1.344e-03	1.000e+30	0.000e+00	-1.000e+00
	1	246	246	246	246	246	246	20	1.352e-03	1.353e-03	1.354e-03	1.000e+30	0.000e+00	-1.000e+00
	1	247	247	247	247	247	247	20	1.370e-03	1.370e-03	1.372e-03	1.000e+30	0.000e+00	-1.000e+00
	1	248	248	248	248	248	248	20	1.308e-03	1.308e-03	1.309e-03	1.000e+30	0.000e+00	-1.000e+00
	1	249	249	249	249	249	249	20	1.397e-03	1.397e-03	1.398e-03	1.000e+30	0.000e+00	-1.000e+00
	1	250	250	250	250	250	250	20	1.407e-03	1.407e-03	1.408e-03	1.000e+30	0.000e+00	-1.000e+00
	1	251	251	251	251	251	251	19	1.350e-03	1.351e-03	1.352e-03	1.000e+30	0.000e+00	-1.000e+00
	1	252	252	252	252	252	252	19	1.335e-03	1.336e-03	1.337e-03	1.000e+30	0.000e+00	-1.000e+00
	1	253	253	253	253	253	253	19	1.377e-03	1.378e-03	1.379e-03	1.000e+30	0.000e+00	-1.000e+00
	1	254	254	254	254	254	254	19	1.386e-03	1.387e-03	1.388e-03	1.000e+30	0.000e+00	-1.000e+00
	1	255	255	255	255	255	255	19	1.406e-03	1.406e-03	1.407e-03	1.000e+30	0.000e+00	-1.000e+00
	1	256	256	256	256	256	256	19	1.233e-03	1.234e-03	1.234e-03	1.000e+30	0.000e+00	-1.000e+00
	1	257	257	257	257	257	257	19	1.495e-03	1.495e-03	1.496e-03	1.000e+30	0.000e+00	-1.000e+00
	1	258	258	258	258	258	258	19	1.551e-03	1.551e-03	1.552e-03	1.000e+30	0.000e+00	-1.000e+00
	1	259	259	259	259	259	259	19	1.569e-03	1.570e-03	1.571e-03	1.000e+30	0.000e+00	-1.000e+00
	1	260	260	260	260	260	260	19	1.555e-03	1.556e-03	1.559e-03	1.000e+30	0.000e+00	-1.000e+00
	1	261	261	261	261	261	261	19	1.599e-03	1.600e-03	1.601e-03	1.000e+30	0.000e+00	-1.000e+00
	1	262	262	262	262	262	262	19	1.608e-03	1.608e-03	1.610e-03	1.000e+30	0.000e+00	-1.000e+00
	1	263	263	263	263	263	263	19	1.628e-03	1.629e-03	1.630e-03	1.000e+30	0.000e+00	-1.000e+00
	1	264	264	264	264	264	264	18	1.650e-03	1.650e-03	1.651e-03	1.000e+30	0.000e+00	-1.000e+00
	1	265	265	265	265	265	265	18	1.747e-03	1.750e-03	1.752e-03	1.000e+30	0.000e+00	-1.000e+00
	1	266	266	266	266	266	266	18	1.757e-03	1.759e-03	1.763e-03	1.000e+30	0.000e+00	-1.000e+00
	1	267	267	267	267	267	267	18	1.780e-03	1.781e-03	1.782e-03	1.000e+30	0.000e+00	-1.000e+00
	1	268	268	268	268	268	268	18	1.764e-03	1.765e-03	1.767e-03	1.000e+30	0.000e+00	-1.000e+00
	1	269	269	269	269	269	269	18	1.812e-03	1.814e-03	1.817e-03	1.000e+30	0.000e+00	-1.000e+00
	1	270	270	270	270	270	270	18	1.825e-03	1.825e-03	1.827e-03	1.000e+30	0.000e+00	-1.000e+00
	1	271	271	271	271	271	271	18	1.849e-03	1.850e-03	1.851e-03	1.000e+30	0.000e+00	-1.000e+00
	1	272	272	272	272	272	272	18	1.714e-03	1.714e-03	1.715e-03	1.000e+30	0.000e+00	-1.000e+00
	1	273	273	273	273	273	273	18	1.883e-03	1.884e-03	1.885e-03	1.000e+30	0.000e+00	-1.000e+00
	1	274	274	274	274	274	274	18	1.889e-03	1.891e-03	1.895e-03	1.000e+30	0.000e+00	-1.000e+00
	1	275	275	275	275	275	275	18	1.914e-03	1.915e-03	1.916e-03	1.000e+30	0.000e+00	-1.000e+00
	1	276	276	276	276	276	276	18	1.893e-03	1.894e-03	1.895e-03	1.000e+30	0.000e+00	-1.000e+00
	1	277	277	277	277	277	277	18	1.948e-03	1.948e-03	1.949e-03	1.000e+30	0.000e+00	-1.000e+00
	1	278	278	278	278	278	278	17	1.844e-03	1.846e-03	1.847e-03	1.000e+30	0.000e+00	-1.000e+00
	1	279	279	279	279	279	279	17	1.867e-03	1.868e-03	1.870e-03	1.000e+30	0.000e+00	-1.000e+00
	1	280	280	280	280	280	280	17	1.791e-03	1.792e-03	1.793e-03	1.000e+30	0.000e+00	-1.000e+00
	1	281	281	281	281	281	281	17	1.901e-03	1.904e-03	1.906e-03	1.000e+30	0.000e+00	-1.000e+00
	1	282	282	282	282	282	282	17	1.914e-03	1.914e-03	1.916e-03	1.000e+30	0.000e+00	-1.000e+00
	1	283	283	283	283	283	283	17	1.934e-03	1.935e-03	1.937e-03	1.000e+30	0.000e+00	-1.000e+00
	1	284	284	284	284	284	284	17	1.920e-03	1.921e-03	1.921e-03	1.000e+30	0.000e+00	-1.000e+00
	1	285	285	285	285	285	285	17	1.975e-03	1.976e-03	1.978e-03	1.000e+30	0.000e+00	-1.000e+00
	1	286	286	286	286	286	286	17	1.983e-03	1.984e-03	1.986e-03	1.000e+30	0.000e+00	-1.000e+00
	1	287	287	287	287	287	287	17	2.013e-03	2.013e-03	2.014e-03	1.000e+30	0.000e+00	-1.000e+00
	1	288	288	288	288	288	288	17	1.829e-03	1.831e-03	1.833e-03	1.000e+30	0.000e+00	-1.000e+00
	1	289	289	289	289	289	289	17	2.227e-03	2.227e-03	2.229e-03	1.000e+30	0.000e+00	-1.000e+00
	1	290	290	290	290	290	290	17	2.262e-03	2.264e-03	2.266e-03	1.000e+30	0.000e+00	-1.000e+00
	1	291	291	291	291	291	291	17	2.287e-03	2.288e-03	2.289e-03	1.000e+30	0.000e+00	-1.000e+00
	1	292	292	292	292	292	292	17	2.266e-03	2.267e-03	2.268e-03	1.000e+30	0.000e+00	-1.000e+00
	1	293	293	293	293	293	293	17	2.333e-03	2.333e-03	2.334e-03	1.000e+30	0.000e+00	-1.000e+00
	1	294	294	294	294	294	294	17	2.350e-03	2.351e-03	2.352e-03	1.000e+30	0.000e+00	-1.000e+00
	1	295	295	295	295	295	295	16	2.512e-03	2.513e-03	2.514e-03	1.000e+30	0.000e+00	-1.000e+00
	1	296	296	296	296	296	296	16	2.451e-03	2.453e-03	2.455e-03	1.000e+30	0.000e+00	-1.000e+00
	1	297	297	297	297	297	297	16	2.568e-03	2.569e-03	2.570e-03	1.000e+30	0.000e+00	-1.000e+00
	1	298	298	298	298	298	298	16	2.582e-03	2.583e-03	2.585e-03	1.000e+30	0.000e+00	-1.000e+00
	1	299	299	299	299	299	299	16	2.609e-03	2.611e-03	2.613e-03	1.000e+30	0.000e+00	-1.000e+00
	1	300	300	300	300	300	300	16	2.607e-03	2.608e-03	2.609e-03	1.000e+30	0.000e+00	-1.000e+00
	1	301	301	301	301	301	301	16	2.681e-03	2.682e-03	2.683e-03	1.000e+30	0.000e+00	-1.000e+00
	1	302	302	302	302	302	302	16	2.695e-03	2.696e-03	2.697e-03	1.000e+30	0.000e+00	-1.000e+00
	1	303	303	303	303	303	303	16	2.733e-03	2.736e-03	2.738e-03	1.000e+30	0.000e+00	-1.000e+00
	1	304	304	304	304	304	304	16	2.617e-03	2.618e-03	2.619e-03	1.000e+30	0.000e+00	-1.000e+00
	1	305	305	305	305	305	305	16	2.803e-03	2.803e-03	2.804e-03	1.000e+30	0.000e+00	-1.000e+00
	1	306	306	306	306	306	306	16	2.830e-03	2.831e-03	2.832e-03	1.000e+30	0.000e+00	-1.000e+00
	1	307	307	307	307	307	307	16	2.854e-03	2.854e-03	2.855e-03	1.000e+30	0.000e+00	-1.000e+00
	1	308	308	308	308	308	308	16	2.861e-03	2.862e-03	2.865e-03	1.000e+30	0.000e+00	-1.000e+00
	1	309	309	309	309	309	309	16	2.936e-03	2.937e-03	2.938e-03	1.000e+30	0.000e+00	-1.000e+00
	1	310	310	310	310	310	310	16	2.955e-03	2.956e-03	2.957e-03	1.000e+30	0.000e+00	-1.000e+00
	1	311	311	311	311	311	311	16	3.002e-03	3.003e-03	3.004e-03	1.000e+30	0.000e+00	-1.000e+00
	1	312	312	312	312	312	312	16	2.935e-03	2.936e-03	2.937e-03	1.000e+30	0.000e+00	-1.000e+00
	1	313	313	313	313	313	313	15	2.867e-03	2.867e-03	2.869e-03	1.000e+30	0.000e+00	-1.000e+00
	1	314	314	314	314	314	314	15	2.887e-03	2.887e-03	2.889e-03	1.000e+30	0.000e+00	-1.000e+00
	1	315	315	315	315	315	315	15	2.929e-03	2.930e-03	2.931e-03	1.000e+30	0.000e+00	-1.000e+00
	1	316	316	316	316	316	316	15	2.929e-03	2.929e-03	2.930e-03	1.000e+30	0.000e+00	-1.000e+00
	1	317	317	317	317	317	317	15	2.995e-03	2.997e-03	2.999e-03	1.000e+30	0.000e+00	-1.000e+00
	1	318	318	318	318	318	318	15	3.032e-03	3.033e-03	3.034e-03	1.000e+30	0.000e+00	-1.000e+00
	1	319	319	319	319	319	319	15	3.078e-03	3.079e-03	3.080e-03	1.000e+30	0.000e+00	-1.000e+00
	1	320	320	320	320	320	320	15	2.932e-03	2.933e-03	2.934e-03	1.000e+30	0.000e+00	-1.000e+00
	1	321	321	321	321	321	321	15	3.160e-03	3.162e-03	3.164e-03	1.000e+30	0.000e+00	-1.000e+00
	1	322	322	322	322	322	322	15	3.565e-03	3.566e-03	3.568e-03	1.000e+30	0.000e+00	-1.000e+00
	1	323	323	323	323	323	323	15	3.616e-03	3.617e-03	3.619e-03	1.000e+30	0.000e+00	-1.000e+00
	1	324	324	324	324	324	324	15	3.626e-03	3.627e-03	3.629e-03	1.000e+30	0.000e+00	-1.000e+00
	1	325	325	325	325	325	325	15	3.697e-03	3.698e-03	3.699e-03	1.000e+30	0.000e+00	-1.000e+00
	1	326	326	326	326	326	326	15	3.731e-03	3.732e-03	3.734e-03	1.000e+30	0.000e+00	-1.000e+00
	1	327	327	327	327	327	327	15	3.774e-03	3.775e-03	3.777e-03	1.000e+30	0.000e+00	-1.000e+00
	1	328	328	328	328	328	328	15	3.713e-03	3.714e-03	3.715e-03	1.000e+30	0.000e+00	-1.000e+00
	1	329	329	329	329	329	329	15	3.841e-03	3.841e-03	3.842e-03	1.000e+30	0.000e+00	-1.000e+00
	1	330	330	330	330	330	330	15	3.875e-03	3.877e-03	3.879e-03	1.000e+30	0.000e+00	-1.000e+00
	1	331	331	331	331	331	331	15	3.919e-03	3.920e-03	3.921e-03	1.000e+30	0.000e+00	-1.000e+00
	1	332	332	332	332	332	332	15	3.921e-03	3.923e-03	3.924e-03	1.000e+30	0.000e+00	-1.000e+00
	1	333	333	333	333	333	333	15	3.993e-03	3.995e-03	3.997e-03	1.000e+30	0.000e+00	-1.000e+00
	1	334	334	334	334	334	334	14	4.321e-03	4.323e-03	4.324e-03	1.000e+30	0.000e+00	-1.000e+00
	1	335	335	335	335	335	335	14	4.374e-03	4.375e-03	4.377e-03	1.000e+30	0.000e+00	-1.000e+00
	1	336	336	336	336	336	336	14	4.218e-03	4.220e-03	4.222e-03	1.000e+30	0.000e+00	-1.000e+00
	1	337	337	337	337	337	337	14	4.468e-03	4.470e-03	4.471e-03	1.000e+30	0.000e+00	-1.000e+00
	1	338	338	338	338	338	338	14	4.503e-03	4.506e-03	4.508e-03	1.000e+30	0.000e+00	-1.000e+00
	1	339	339	339	339	339	339	14	4.573e-03	4.574e-03	4.576e-03	1.000e+30	0.000e+00	-1.000e+00
	1	340	340	340	340	340	340	14	4.594e-03	4.597e-03	4.599e-03	1.000e+30	0.000e+00	-1.000e+00
	1	341	341	341	341	341	341	14	4.679e-03	4.682e-03	4.685e-03	1.000e+30	0.000e+00	-1.000e+00
	1	342	342	342	342	342	342	14	4.725e-03	4.729e-03	4.732e-03	1.000e+30	0.000e+00	-1.000e+00
	1	343	343	343	343	343	343	14	4.774e-03	4.776e-03	4.778e-03	1.000e+30	0.000e+00	-1.000e+00
	1	344	344	344	344	344	344	14	4.707e-03	4.708e-03	4.710e-03	1.000e+30	0.000e+00	-1.000e+00
	1	345	345	345	345	345	345	14	4.866e-03	4.869e-03	4.871e-03	1.000e+30	0.000e+00	-1.000e+00
	1	346	346	346	346	346	346	14	4.897e-03	4.899e-03	4.900e-03	1.000e+30	0.000e+00	-1.000e+00
	1	347	347	347	347	347	347	14	4.953e-03	4.956e-03	4.959e-03	1.000e+30	0.000e+00	-1.000e+00
	1	348	348	348	348	348	348	14	4.968e-03	4.972e-03	4.975e-03	1.000e+30	0.000e+00	-1.000e+00
	1	349	349	349	349	349	349	14	5.040e-03	5.043e-03	5.045e-03	1.000e+30	0.000e+00	-1.000e+00
	1	350	350	350	350	350	350	14	5.084e-03	5.086e-03	5.087e-03	1.000e+30	0.000e+00	-1.000e+00
	1	351	351	351	351	351	351	14	5.140e-03	5.141e-03	5.141e-03	1.000e+30	0.000e+00	-1.000e+00
	1	352	352	352	352	352	352	14	4.816e-03	4.818e-03	4.819e-03	1.000e+30	0.000e+00	-1.000e+00
	1	353	353	353	353	353	353	14	5.171e-03	5.173e-03	5.175e-03	1.000e+30	0.000e+00	-1.000e+00
	1	354	354	354	354	354	354	14	5.233e-03	5.235e-03	5.237e-03	1.000e+30	0.000e+00	-1.000e+00
	1	355	355	355	355	355	355	14	5.280e-03	5.281e-03	5.283e-03	1.000e+30	0.000e+00	-1.000e+00
	1	356	356	356	356	356	356	14	5.269e-03	5.271e-03	5.272e-03	1.000e+30	0.000e+00	-1.000e+00
	1	357	357	357	357	357	357	14	5.361e-03	5.362e-03	5.363e-03	1.000e+30	0.000e+00	-1.000e+00
	1	358	358	358	358	358	358	13	4.972e-03	4.975e-03	4.978e-03	1.000e+30	0.000e+00	-1.000e+00
	1	359	359	359	359	359	359	13	5.020e-03	5.022e-03	5.024e-03	1.000e+30	0.000e+00	-1.000e+00
	1	360	360	360	360	360	360	13	4.954e-03	4.955e-03	4.956e-03	1.000e+30	0.000e+00	-1.000e+00
	1	361	361	361	361	361	361	13	5.091e-03	5.093e-03	5.096e-03	1.000e+30	0.000e+00	-1.000e+00
	1	362	362	362	362	362	362	13	5.119e-03	5.121e-03	5.122e-03	1.000e+30	0.000e+00	-1.000e+00
	1	363	363	363	363	363	363	13	5.170e-03	5.171e-03	5.174e-03	1.000e+30	0.000e+00	-1.000e+00
	1	364	364	364	364	364	364	13	5.154e-03	5.156e-03	5.158e-03	1.000e+30	0.000e+00	-1.000e+00
	1	365	365	365	365	365	365	13	5.247e-03	5.249e-03	5.251e-03	1.000e+30	0.000e+00	-1.000e+00
	1	366	366	366	366	366	366	13	5.280e-03	5.281e-03	5.283e-03	1.000e+30	0.000e+00	-1.000e+00
	1	367	367	367	367	367	367	13	5.329e-03	5.330e-03	5.333e-03	1.000e+30	0.000e+00	-1.000e+00
	1	368	368	368	368	368	368	13	5.268e-03	5.269e-03	5.270e-03	1.000e+30	0.000e+00	-1.000e+00
	1	369	369	369	369	369	369	13	5.407e-03	5.408e-03	5.410e-03	1.000e+30	0.000e+00	-1.000e+00
	1	370	370	370	370	370	370	13	5.445e-03	5.446e-03	5.448e-03	1.000e+30	0.000e+00	-1.000e+00
	1	371	371	371	371	371	371	13	5.497e-03	5.498e-03	5.501e-03	1.000e+30	0.000e+00	-1.000e+00
	1	372	372	372	372	372	372	13	5.484e-03	5.486e-03	5.489e-03	1.000e+30	0.000e+00	-1.000e+00
	1	373	373	373	373	373	373	13	5.578e-03	5.581e-03	5.583e-03	1.000e+30	0.000e+00	-1.000e+00
	1	374	374	374	374	374	374	13	5.617e-03	5.619e-03	5.621e-03	1.000e+30	0.000e+00	-1.000e+00
	1	375	375	375	375	375	375	13	5.668e-03	5.669e-03	5.670e-03	1.000e+30	0.000e+00	-1.000e+00
	1	376	376	376	376	376	376	13	5.612e-03	5.614e-03	5.615e-03	1.000e+30	0.000e+00	-1.000e+00
	1	377	377	377	377	377	377	13	5.750e-03	5.751e-03	5.752e-03	1.000e+30	0.000e+00	-1.000e+00
	1	378	378	378	378	378	378	13	5.781e-03	5.782e-03	5.783e-03	1.000e+30	0.000e+00	-1.000e+00
	1	379	379	379	379	379	379	13	5.824e-03	5.825e-03	5.826e-03	1.000e+30	0.000e+00	-1.000e+00
	1	380	380	380	380	380	380	13	5.827e-03	5.827e-03	5.828e-03	1.000e+30	0.000e+00	-1.000e+00
	1	381	381	381	381	381	381	13	5.914e-03	5.915e-03	5.918e-03	1.000e+30	0.000e+00	-1.000e+00
	1	382	382	382	382	382	382	13	5.946e-03	5.947e-03	5.949e-03	1.000e+30	0.000e+00	-1.000e+00
	1	383	383	383	383	383	383	13	6.008e-03	6.010e-03	6.011e-03	1.000e+30	0.000e+00	-1.000e+00
	1	384	384	384	384	384	384	13	5.923e-03	5.924e-03	5.926e-03	1.000e+30	0.000e+00	-1.000e+00
	1	385	385	385	385	385	385	12	6.594e-03	6.597e-03	6.603e-03	1.000e+30	0.000e+00	-1.000e+00
	1	386	386	386	386	386	386	12	7.454e-03	7.457e-03	7.459e-03	1.000e+30	0.000e+00	-1.000e+00
	1	387	387	387	387	387	387	12	7.507e-03	7.509e-03	7.512e-03	1.000e+30	0.000e+00	-1.000e+00
	1	388	388	388	388	388	388	12	7.520e-03	7.523e-03	7.527e-03	1.000e+30	0.000e+00	-1.000e+00
	1	389	389	389	389	389	389	12	7.615e-03	7.617e-03	7.618e-03	1.000e+30	0.000e+00	-1.000e+00
	1	390	390	390	390	390	390	12	7.649e-03	7.652e-03	7.653e-03	1.000e+30	0.000e+00	-1.000e+00
	1	391	391	391	391	391	391	12	7.708e-03	7.712e-03	7.715e-03	1.000e+30	0.000e+00	-1.000e+00
	1	392	392	392	392	392	392	12	7.666e-03	7.667e-03	7.669e-03	1.000e+30	0.000e+00	-1.000e+00
	1	393	393	393	393	393	393	12	7.815e-03	7.821e-03	7.824e-03	1.000e+30	0.000e+00	-1.000e+00
	1	394	394	394	394	394	394	12	7.836e-03	7.838e-03	7.841e-03	1.000e+30	0.000e+00	-1.000e+00
	1	395	395	395	395	395	395	12	7.897e-03	7.900e-03	7.903e-03	1.000e+30	0.000e+00	-1.000e+00
	1	396	396	396	396	396	396	12	7.818e-03	7.822e-03	7.825e-03	1.000e+30	0.000e+00	-1.000e+00
	1	397	397	397	397	397	397	12	7.910e-03	7.915e-03	7.918e-03	1.000e+30	0.000e+00	-1.000e+00
	1	398	398	398	398	398	398	12	7.913e-03	7.914e-03	7.916e-03	1.000e+30	0.000e+00	-1.000e+00
	1	399	399	399	399	399	399	12	7.942e-03	7.945e-03	7.949e-03	1.000e+30	0.000e+00	-1.000e+00
	1	400	400	400	400	400	400	12	7.831e-03	7.835e-03	7.837e-03	1.000e+30	0.000e+00	-1.000e+00
	1	401	401	401	401	401	401	12	8.040e-03	8.043e-03	8.048e-03	1.000e+30	0.000e+00	-1.000e+00
	1	402	402	402	402	402	402	12	8.087e-03	8.090e-03	8.094e-03	1.000e+30	0.000e+00	-1.000e+00
	1	403	403	403	403	403	403	12	8.120e-03	8.123e-03	8.126e-03	1.000e+30	0.000e+00	-1.000e+00
	1	404	404	404	404	404	404	12	8.113e-03	8.116e-03	8.120e-03	1.000e+30	0.000e+00	-1.000e+00
	1	405	405	405	405	405	405	12	8.225e-03	8.227e-03	8.230e-03	1.000e+30	0.000e+00	-1.000e+00
	1	406	406	406	406	406	406	12	8.269e-03	8.273e-03	8.275e-03	1.000e+30	0.000e+00	-1.000e+00
	1	407	407	407	407	407	407	12	8.316e-03	8.322e-03	8.332e-03	1.000e+30	0.000e+00	-1.000e+00
	1	408	408	408	408	408	408	12	8.223e-03	8.226e-03	8.227e-03	1.000e+30	0.000e+00	-1.000e+00
	1	409	409	409	409	409	409	12	8.417e-03	8.422e-03	8.426e-03	1.000e+30	0.000e+00	-1.000e+00
	1	410	410	410	410	410	410	12	8.455e-03	8.456e-03	8.459e-03	1.000e+30	0.000e+00	-1.000e+00
	1	411	411	411	411	411	411	12	8.519e-03	8.521e-03	8.525e-03	1.000e+30	0.000e+00	-1.000e+00
	1	412	412	412	412	412	412	12	8.522e-03	8.524e-03	8.525e-03	1.000e+30	0.000e+00	-1.000e+00
	1	413	413	413	413	413	413	12	8.624e-03	8.627e-03	8.633e-03	1.000e+30	0.000e+00	-1.000e+00
	1	414	414	414	414	414	414	12	8.687e-03	8.690e-03	8.695e-03	1.000e+30	0.000e+00	-1.000e+00
	1	415	415	415	415	415	415	12	8.759e-03	8.762e-03	8.764e-03	1.000e+30	0.000e+00	-1.000e+00
	1	416	416	416	416	416	416	12	8.303e-03	8.305e-03	8.308e-03	1.000e+30	0.000e+00	-1.000e+00
	1	417	417	417	417	417	417	11	8.030e-03	8.031e-03	8.035e-03	1.000e+30	0.000e+00	-1.000e+00
	1	418	418	418	418	418	418	11	8.106e-03	8.109e-03	8.111e-03	1.000e+30	0.000e+00	-1.000e+00
	1	419	419	419	419	419	419	11	8.168e-03	8.170e-03	8.174e-03	1.000e+30	0.000e+00	-1.000e+00
	1	420	420	420	420	420	420	11	8.128e-03	8.130e-03	8.132e-03	1.000e+30	0.000e+00	-1.000e+00
	1	421	421	421	421	421	421	11	8.270e-03	8.271e-03	8.272e-03	1.000e+30	0.000e+00	-1.000e+00
	1	422	422	422	422	422	422	11	8.294e-03	8.297e-03	8.301e-03	1.000e+30	0.000e+00	-1.000e+00
	1	423	423	423	423	423	423	11	8.367e-03	8.368e-03	8.370e-03	1.000e+30	0.000e+00	-1.000e+00
	1	424	424	424	424	424	424	11	8.202e-03	8.202e-03	8.203e-03	1.000e+30	0.000e+00	-1.000e+00
	1	425	425	425	425	425	425	11	8.468e-03	8.470e-03	8.472e-03	1.000e+30	0.000e+00	-1.000e+00
	1	426	426	426	426	426	426	11	8.516e-03	8.519e-03	8.528e-03	1.000e+30	0.000e+00	-1.000e+00
	1	427	427	427	427	427	427	11	8.586e-03	8.587e-03	8.588e-03	1.000e+30	0.000e+00	-1.000e+00
	1	428	428	428	428	428	428	11	8.553e-03	8.554e-03	8.555e-03	1.000e+30	0.000e+00	-1.000e+00
	1	429	429	429	429	429	429	11	8.703e-03	8.705e-03	8.706e-03	1.000e+30	0.000e+00	-1.000e+00
	1	430	430	430	430	430	430	11	8.746e-03	8.747e-03	8.750e-03	1.000e+30	0.000e+00	-1.000e+00
	1	431	431	431	431	431	431	11	8.811e-03	8.812e-03	8.813e-03	1.000e+30	0.000e+00	-1.000e+00
	1	432	432	432	432	432	432	11	8.596e-03	8.598e-03	8.601e-03	1.000e+30	0.000e+00	-1.000e+00
	1	433	433	433	433	433	433	11	8.924e-03	8.928e-03	8.931e-03	1.000e+30	0.000e+00	-1.000e+00
	1	434	434	434	434	434	434	11	8.972e-03	8.972e-03	8.973e-03	1.000e+30	0.000e+00	-1.000e+00
	1	435	435	435	435	435	435	11	9.029e-03	9.031e-03	9.031e-03	1.000e+30	0.000e+00	-1.000e+00
	1	436	436	436	436	436	436	11	9.005e-03	9.007e-03	9.008e-03	1.000e+30	0.000e+00	-1.000e+00
	1	437	437	437	437	437	437	11	9.138e-03	9.140e-03	9.142e-03	1.000e+30	0.000e+00	-1.000e+00
	1	438	438	438	438	438	438	11	9.181e-03	9.182e-03	9.183e-03	1.000e+30	0.000e+00	-1.000e+00
	1	439	439	439	439	439	439	11	9.250e-03	9.252e-03	9.255e-03	1.000e+30	0.000e+00	-1.000e+00
	1	440	440	440	440	440	440	11	9.099e-03	9.102e-03	9.106e-03	1.000e+30	0.000e+00	-1.000e+00
	1	441	441	441	441	441	441	11	9.354e-03	9.356e-03	9.358e-03	1.000e+30	0.000e+00	-1.000e+00
	1	442	442	442	442	442	442	11	9.386e-03	9.388e-03	9.391e-03	1.000e+30	0.000e+00	-1.000e+00
	1	443	443	443	443	443	443	11	9.447e-03	9.448e-03	9.448e-03	1.000e+30	0.000e+00	-1.000e+00
	1	444	444	444	444	444	444	11	9.423e-03	9.426e-03	9.431e-03	1.000e+30	0.000e+00	-1.000e+00
	1	445	445	445	445	445	445	11	9.555e-03	9.557e-03	9.560e-03	1.000e+30	0.000e+00	-1.000e+00
	1	446	446	446	446	446	446	11	9.604e-03	9.606e-03	9.607e-03	1.000e+30	0.000e+00	-1.000e+00
	1	447	447	447	447	447	447	11	9.697e-03	9.700e-03	9.704e-03	1.000e+30	0.000e+00	-1.000e+00
	1	448	448	448	448	448	448	11	9.290e-03	9.294e-03	9.299e-03	1.000e+30	0.000e+00	-1.000e+00
	1	449	449	449	449	449	449	11	9.793e-03	9.795e-03	9.796e-03	1.000e+30	0.000e+00	-1.000e+00
	1	450	450	450	450	450	450	11	9.942e-03	9.943e-03	9.944e-03	1.000e+30	0.000e+00	-1.000e+00
	1	451	451	451	451	451	451	11	1.001e-02	1.001e-02	1.002e-02	1.000e+30	0.000e+00	-1.000e+00
	1	452	452	452	452	452	452	11	9.954e-03	9.955e-03	9.955e-03	1.000e+30	0.000e+00	-1.000e+00
	1	453	453	453	453	453	453	11	1.011e-02	1.011e-02	1.011e-02	1.000e+30	0.000e+00	-1.000e+00
	1	454	454	454	454	454	454	11	1.013e-02	1.014e-02	1.014e-02	1.000e+30	0.000e+00	-1.000e+00
	1	455	455	455	455	455	455	10	1.123e-02	1.123e-02	1.124e-02	1.000e+30	0.000e+00	-1.000e+00
	1	456	456	456	456	456	456	10	1.098e-02	1.098e-02	1.099e-02	1.000e+30	0.000e+00	-1.000e+00
	1	457	457	457	457	457	457	10	1.135e-02	1.135e-02	1.135e-02	1.000e+30	0.000e+00	-1.000e+00
	1	458	458	458	458	458	458	10	1.138e-02	1.138e-02	1.138e-02	1.000e+30	0.000e+00	-1.000e+00
	1	459	459	459	459	459	459	10	1.147e-02	1.147e-02	1.147e-02	1.000e+30	0.000e+00	-1.000e+00
	1	460	460	460	460	460	460	10	1.140e-02	1.140e-02	1.140e-02	1.000e+30	0.000e+00	-1.000e+00
	1	461	461	461	461	461	461	10	1.160e-02	1.160e-02	1.160e-02	1.000e+30	0.000e+00	-1.000e+00
	1	462	462	462	462	462	462	10	1.160e-02	1.161e-02	1.161e-02	1.000e+30	0.000e+00	-1.000e+00
	1	463	463	463	463	463	463	10	1.170e-02	1.170e-02	1.170e-02	1.000e+30	0.000e+00	-1.000e+00
	1	464	464	464	464	464	464	10	1.131e-02	1.132e-02	1.132e-02	1.000e+30	0.000e+00	-1.000e+00
	1	465	465	465	465	465	465	10	1.181e-02	1.181e-02	1.181e-02	1.000e+30	0.000e+00	-1.000e+00
	1	466	466	466	466	466	466	10	1.187e-02	1.187e-02	1.187e-02	1.000e+30	0.000e+00	-1.000e+00
	1	467	467	467	467	467	467	10	1.194e-02	1.194e-02	1.194e-02	1.000e+30	0.000e+00	-1.000e+00
	1	468	468	468	468	468	468	10	1.187e-02	1.187e-02	1.187e-02	1.000e+30	0.000e+00	-1.000e+00
	1	469	469	469	469	469	469	10	1.206e-02	1.206e-02	1.207e-02	1.000e+30	0.000e+00	-1.000e+00
	1	470	470	470	470	470	470	10	1.210e-02	1.210e-02	1.210e-02	1.000e+30	0.000e+00	-1.000e+00
	1	471	471	471	471	471	471	10	1.219e-02	1.219e-02	1.219e-02	1.000e+30	0.000e+00	-1.000e+00
	1	472	472	472	472	472	472	10	1.191e-02	1.191e-02	1.191e-02	1.000e+30	0.000e+00	-1.000e+00
	1	473	473	473	473	473	473	10	1.232e-02	1.232e-02	1.232e-02	1.000e+30	0.000e+00	-1.000e+00
	1	474	474	474	474	474	474	10	1.236e-02	1.236e-02	1.240e-02	1.000e+30	0.000e+00	-1.000e+00
	1	475	475	475	475	475	475	10	1.245e-02	1.246e-02	1.246e-02	1.000e+30	0.000e+00	-1.000e+00
	1	476	476	476	476	476	476	10	1.239e-02	1.239e-02	1.239e-02	1.000e+30	0.000e+00	-1.000e+00
	1	477	477	477	477	477	477	10	1.260e-02	1.261e-02	1.261e-02	1.000e+30	0.000e+00	-1.000e+00
	1	478	478	478	478	478	478	10	1.266e-02	1.266e-02	1.267e-02	1.000e+30	0.000e+00	-1.000e+00
	1	479	479	479	479	479	479	10	1.278e-02	1.279e-02	1.279e-02	1.000e+30	0.000e+00	-1.000e+00
	1	480	480	480	480	480	480	10	1.254e-02	1.254e-02	1.255e-02	1.000e+30	0.000e+00	-1.000e+00
	1	481	481	481	481	481	481	10	1.295e-02	1.295e-02	1.295e-02	1.000e+30	0.000e+00	-1.000e+00
	1	482	482	482	482	482	482	10	1.314e-02	1.314e-02	1.314e-02	1.000e+30	0.000e+00	-1.000e+00
	1	483	483	483	483	483	483	10	1.324e-02	1.325e-02	1.325e-02	1.000e+30	0.000e+00	-1.000e+00
	1	484	484	484	484	484	484	10	1.318e-02	1.318e-02	1.318e-02	1.000e+30	0.000e+00	-1.000e+00
	1	485	485	485	485	485	485	10	1.339e-02	1.339e-02	1.339e-02	1.000e+30	0.000e+00	-1.000e+00
	1	486	486	486	486	486	486	10	1.346e-02	1.346e-02	1.347e-02	1.000e+30	0.000e+00	-1.000e+00
	1	487	487	487	487	487	487	10	1.355e-02	1.355e-02	1.355e-02	1.000e+30	0.000e+00	-1.000e+00
	1	488	488	488	488	488	488	10	1.326e-02	1.326e-02	1.327e-02	1.000e+30	0.000e+00	-1.000e+00
	1	489	489	489	489	489	489	10	1.371e-02	1.372e-02	1.372e-02	1.000e+30	0.000e+00	-1.000e+00
	1	490	490	490	490	490	490	10	1.380e-02	1.380e-02	1.380e-02	1.000e+30	0.000e+00	-1.000e+00
	1	491	491	491	491	491	491	10	1.388e-02	1.388e-02	1.389e-02	1.000e+30	0.000e+00	-1.000e+00
	1	492	492	492	492	492	492	10	1.384e-02	1.384e-02	1.384e-02	1.000e+30	0.000e+00	-1.000e+00
	1	493	493	493	493	493	493	10	1.405e-02	1.405e-02	1.406e-02	1.000e+30	0.000e+00	-1.000e+00
	1	494	494	494	494	494	494	10	1.414e-02	1.414e-02	1.414e-02	1.000e+30	0.000e+00	-1.000e+00
	1	495	495	495	495	495	495	10	1.423e-02	1.423e-02	1.423e-02	1.000e+30	0.000e+00	-1.000e+00
	1	496	496	496	496	496	496	10	1.355e-02	1.355e-02	1.356e-02	1.000e+30	0.000e+00	-1.000e+00
	1	497	497	497	497	497	497	10	1.437e-02	1.437e-02	1.438e-02	1.000e+30	0.000e+00	-1.000e+00
	1	498	498	498	498	498	498	10	1.440e-02	1.440e-02	1.440e-02	1.000e+30	0.000e+00	-1.000e+00
	1	499	499	499	499	499	499	10	1.450e-02	1.451e-02	1.451e-02	1.000e+30	0.000e+00	-1.000e+00
	1	500	500	500	500	500	500	10	1.441e-02	1.442e-02	1.442e-02	1.000e+30	0.000e+00	-1.000e+00
 
 
